time(s)	f (Hz)	Nharm	X (V)	Y (V)	R (V)	teta (degr)
263.7399978637695	11.5352	1	0.456057	-0.123047	0.472414	-15.096
275.8740005493164	13.0396	1	0.447329	-0.137635	0.467958	-17.094
287.9990005493164	14.5454	1	0.437807	-0.151307	0.463198	-19.062
299.2929992675781	16.0503	1	0.427614	-0.163941	0.457949	-20.97
303.4039993286133	17.5548	1	0.416994	-0.175538	0.452394	-22.824
307.5240020751953	19.0606	1	0.406008	-0.186097	0.446596	-24.618
311.6429977416992	20.5646	1	0.394838	-0.195741	0.440676	-26.364
315.7649993896484	22.0695	1	0.383303	-0.204469	0.434389	-28.074
319.8610000610352	23.5748	1	0.371767	-0.212281	0.428102	-29.718
323.9550018310547	25.0807	1	0.360231	-0.219239	0.421694	-31.32
328.0559997558594	26.5846	1	0.348574	-0.225343	0.415041	-32.874
332.1589965820313	28.0905	1	0.337221	-0.230592	0.40851	-34.362
336.2589950561523	29.5935	1	0.325869	-0.23523	0.401918	-35.82
340.3509979248047	31.0984	1	0.314699	-0.239137	0.395205	-37.224
344.4489974975586	32.6052	1	0.303713	-0.242372	0.388552	-38.586
348.5439987182617	34.111	1	0.292971	-0.245118	0.38196	-39.906
352.640998840332	35.6159	1	0.282534	-0.247193	0.375368	-41.172
356.7559967041016	37.1208	1	0.272402	-0.248841	0.368898	-42.402
360.8529968261719	38.6257	1	0.262575	-0.250002	0.362551	-43.59
364.9519958496094	40.1306	1	0.252993	-0.250795	0.356203	-44.742
369.0419998168945	41.6355	1	0.243775	-0.251162	0.349977	-45.852
373.1490020751953	43.1395	1	0.234803	-0.251284	0.343874	-46.926
377.2610015869141	44.6463	1	0.226197	-0.250978	0.337831	-47.964
381.3600006103516	46.1521	1	0.217896	-0.250551	0.331972	-48.978
385.4589996337891	47.6551	1	0.209901	-0.249818	0.326235	-49.956
389.5629959106445	49.16	1	0.20221	-0.24878	0.32062	-50.886
393.8349990844727	50.6649	1	0.194825	-0.247682	0.315065	-51.798
395.9399948120117	52.1698	1	0.187684	-0.246278	0.309633	-52.68
398.0540008544922	53.6728	1	0.180909	-0.244813	0.304384	-53.532
400.1689987182617	55.1796	1	0.174317	-0.243226	0.299196	-54.36
402.2809982299805	56.6864	1	0.168092	-0.241517	0.294191	-55.158
404.4010009765625	58.1894	1	0.161988	-0.239564	0.289186	-55.926
406.5069961547852	59.6962	1	0.156251	-0.237916	0.284548	-56.7
408.6080017089844	61.2011	1	0.150636	-0.235841	0.279787	-57.426
410.7220001220703	62.706	1	0.145326	-0.233766	0.275209	-58.128
412.8330001831055	64.2128	1	0.140321	-0.23169	0.270815	-58.794
414.9449996948242	65.7139	1	0.135316	-0.229615	0.266481	-59.478
417.056999206543	67.22069999999999	1	0.130677	-0.227418	0.262209	-60.108
419.1689987182617	68.7256	1	0.126161	-0.225221	0.25812	-60.744
421.2880020141602	70.23050000000001	1	0.121827	-0.223023	0.254091	-61.35
423.3969955444336	71.7354	1	0.117676	-0.220826	0.250185	-61.938
425.4970016479492	73.2384	1	0.113709	-0.218629	0.2464	-62.514
427.5950012207031	74.7452	1	0.109864	-0.216371	0.242616	-63.072
429.6999969482422	76.2482	1	0.106202	-0.214173	0.239015	-63.612
431.8149948120117	77.755	1	0.102662	-0.212037	0.235536	-64.158
433.9410018920898	79.26179999999999	1	0.0992436	-0.209779	0.232057	-64.66200000000001
436.0589981079102	80.7667	1	0.09600880000000001	-0.207582	0.228639	-65.172
438.177001953125	82.27160000000001	1	0.09289600000000001	-0.205445	0.225404	-65.658
440.2890014648438	83.77840000000001	1	0.08978319999999999	-0.203248	0.222169	-66.15600000000001
442.4049987792969	85.2833	1	0.0869756	-0.201112	0.219117	-66.59999999999999
444.5270004272461	86.7863	1	0.0841069	-0.198976	0.216004	-67.068
446.6490020751953	88.2912	1	0.0814824	-0.1969	0.213014	-67.506
448.7679977416992	89.7961	1	0.0789189	-0.194764	0.210145	-67.938
450.8870010375977	91.301	1	0.0764165	-0.192811	0.207337	-68.37000000000001
453.0039978027344	92.80589999999999	1	0.07403609999999999	-0.190736	0.204591	-68.77800000000001
455.1279983520508	94.3108	1	0.0717168	-0.188722	0.201844	-69.18600000000001
457.2409973144531	95.81570000000001	1	0.069489	-0.186738	0.19922	-69.58199999999999
460.677001953125	97.3206	1	0.0673528	-0.184785	0.196656	-69.96599999999999
462.7949981689453	98.82550000000001	1	0.06530809999999999	-0.182862	0.194154	-70.34399999999999
464.9039993286133	100.333	1	0.0632939	-0.18097	0.191682	-70.72199999999999
467.0169982910156	101.838	1	0.060303	-0.179414	0.18924	-71.41800000000001
469.1329956054688	103.34	1	0.0585024	-0.177583	0.186952	-71.76000000000001
471.2480010986328	104.848	1	0.0567019	-0.175782	0.184693	-72.114
473.3710021972656	106.353	1	0.0549929	-0.173951	0.182405	-72.456
475.4830017089844	107.855	1	0.0533144	-0.172181	0.180238	-72.792
477.5979995727539	109.363	1	0.051697	-0.170381	0.178041	-73.116
479.7129974365234	110.865	1	0.0501711	-0.168702	0.175996	-73.428
481.8430023193359	112.369	1	0.0486147	-0.166993	0.17389	-73.764
483.9550018310547	113.877	1	0.0472414	-0.165345	0.171937	-74.05200000000001
486.0670013427734	115.382	1	0.0458071	-0.163697	0.169984	-74.358
488.1839981079102	116.887	1	0.0444643	-0.16208	0.168031	-74.658
490.3079986572266	118.392	1	0.0431521	-0.160432	0.166108	-74.94
492.4219970703125	119.897	1	0.0420535	-0.158906	0.164338	-75.17400000000001
494.5390014648438	121.402	1	0.0405886	-0.15738	0.162507	-75.52800000000001
496.6510009765625	122.907	1	0.0394595	-0.155885	0.160768	-75.786
498.7649993896484	124.414	1	0.0382388	-0.154389	0.159028	-76.086
500.8880004882813	125.916	1	0.0371401	-0.152894	0.157319	-76.33799999999999
503.0059967041016	127.421	1	0.036072	-0.151429	0.155641	-76.596
505.125	128.932	1	0.0350039	-0.149964	0.153993	-76.86
507.2439956665039	130.434	1	0.0339358	-0.148591	0.152375	-77.13
509.3649978637695	131.936	1	0.0329897	-0.147187	0.150819	-77.364
511.4889984130859	133.441	1	0.0320132	-0.145814	0.149293	-77.61
513.625	134.949	1	0.0310975	-0.144471	0.147767	-77.84399999999999
515.7559967041016	136.451	1	0.030182	-0.143189	0.146302	-78.096
517.8669967651367	137.958	1	0.0293275	-0.141847	0.144837	-78.318
519.9939956665039	139.462	1	0.0284425	-0.140595	0.143403	-78.55800000000001
522.1149978637695	140.968	1	0.0275575	-0.139314	0.141999	-78.81
524.2299957275391	142.471	1	0.0267946	-0.138062	0.140626	-79.014
526.3479995727539	143.978	1	0.0259706	-0.136903	0.139314	-79.242
528.4619979858398	145.481	1	0.0252076	-0.135682	0.137971	-79.464
530.6009979248047	146.988	1	0.0244752	-0.134461	0.136659	-79.67400000000001
532.7239990234375	148.495	1	0.0237428	-0.133302	0.135377	-79.89
534.8669967651367	149.998	1	0.0230714	-0.132173	0.134126	-80.09399999999999
