time(s)	f (Hz)	Nharm	X (V)	Y (V)	R (V)	teta (degr)
time(s)	f (Hz)	Nharm	X (V)	Y (V)	R (V)	teta (degr)
40.927001953125	0.9999	1	0.835087	0.102356	0.841373	6.99
40.927001953125	0.9999	1	0.835087	0.102356	0.841373	6.99
40.927001953125	0.9999	1	0.835087	0.102356	0.841373	6.99
40.927001953125	0.9999	1	0.835087	0.102356	0.841373	6.99
40.927001953125	0.9999	1	0.835087	0.102356	0.841373	6.99
40.927001953125	0.9999	1	0.835087	0.102356	0.841373	6.99
40.927001953125	0.9999	1	0.835087	0.102356	0.841373	6.99
263.9410018920898	11.5356	1	0.763309	-0.257998	0.805729	-18.672
276.0440063476563	13.0401	1	0.740788	-0.284914	0.793705	-21.036
288.1470031738281	14.5454	1	0.717228	-0.309145	0.78101	-23.31
299.4100036621094	16.0503	1	0.692753	-0.330507	0.767521	-25.5
303.5	17.5548	1	0.6678500000000001	-0.349123	0.753605	-27.594
307.5970001220703	19.0601	1	0.642765	-0.365175	0.739201	-29.598
311.6880035400391	20.565	1	0.61768	-0.378908	0.724613	-31.524
315.7779998779297	22.0699	1	0.592838	-0.390444	0.709843	-33.366
319.8680038452148	23.5748	1	0.568546	-0.399965	0.695133	-35.124
323.9710006713867	25.0807	1	0.544865	-0.407595	0.680424	-36.798
328.0620040893555	26.5856	1	0.521793	-0.413637	0.665836	-38.4
332.1570053100586	28.0905	1	0.499514	-0.418215	0.651432	-39.936
336.2630004882813	29.5954	1	0.478029	-0.42145	0.637272	-41.4
340.3530044555664	31.1003	1	0.45746	-0.423525	0.623356	-42.792
344.4440002441406	32.6052	1	0.437624	-0.424623	0.609806	-44.13
348.5370025634766	34.111	1	0.418764	-0.424807	0.5965	-45.408
352.6350021362305	35.6159	1	0.400698	-0.424196	0.5835	-46.626
356.7310028076172	37.1208	1	0.383547	-0.422915	0.570866	-47.79
360.8260040283203	38.6267	1	0.367128	-0.421022	0.558537	-48.906
364.9169998168945	40.1306	1	0.351564	-0.418703	0.546696	-49.974
369.0149993896484	41.6355	1	0.336733	-0.415834	0.535038	-50.994
373.1070022583008	43.1404	1	0.322634	-0.412722	0.5238080000000001	-51.978
377.1959991455078	44.6463	1	0.309206	-0.409365	0.513004	-52.932
381.3040008544922	46.1502	1	0.296511	-0.405642	0.502445	-53.826
385.4000015258789	47.6551	1	0.284426	-0.401735	0.492189	-54.696
389.4910049438477	49.16	1	0.273012	-0.397707	0.482363	-55.524
393.7789993286133	50.6668	1	0.262148	-0.393496	0.47278	-56.322
395.8920059204102	52.1698	1	0.251772	-0.389223	0.463503	-57.096
398.0040054321289	53.6747	1	0.242005	-0.384829	0.454592	-57.828
400.1140060424805	55.1796	1	0.232545	-0.380434	0.445864	-58.56
402.2140045166016	56.6845	1	0.223756	-0.37604	0.437502	-59.238
404.3140029907227	58.1913	1	0.215394	-0.371523	0.429445	-59.892
406.4230041503906	59.6943	1	0.207459	-0.366945	0.421511	-60.516
408.5429992675781	61.2011	1	0.199708	-0.362612	0.413942	-61.152
410.6500015258789	62.706	1	0.192445	-0.358156	0.406557	-61.746
412.7660064697266	64.2109	1	0.185487	-0.353762	0.399416	-62.322
414.875	65.7158	1	0.178956	-0.349367	0.392458	-62.874
416.995002746582	67.22069999999999	1	0.172608	-0.344973	0.385744	-63.414
419.0950012207031	68.7256	1	0.166627	-0.340761	0.379274	-63.942
421.2050018310547	70.23050000000001	1	0.160951	-0.33655	0.372988	-64.434
423.3140029907227	71.7354	1	0.155457	-0.332338	0.366884	-64.926
425.4140014648438	73.24030000000001	1	0.150147	-0.328249	0.360903	-65.40600000000001
427.5250015258789	74.7452	1	0.145204	-0.324221	0.355165	-65.868
429.6270065307617	76.252	1	0.140382	-0.320192	0.349611	-66.318
431.745002746582	77.7569	1	0.135926	-0.316225	0.344179	-66.738
433.8730010986328	79.258	1	0.131471	-0.312441	0.33893	-67.17
435.984001159668	80.7667	1	0.12732	-0.308657	0.333803	-67.578
438.0860061645508	82.27160000000001	1	0.123291	-0.304873	0.328798	-67.974
440.2050018310547	83.7765	1	0.119446	-0.301271	0.324038	-68.364
442.3059997558594	85.2833	1	0.115784	-0.29767	0.319338	-68.742
444.4240036010742	86.7863	1	0.112244	-0.29413	0.31476	-69.108
446.5429992675781	88.2893	1	0.108826	-0.290651	0.310305	-69.468
448.6430053710938	89.7961	1	0.10553	-0.287233	0.305971	-69.822
450.7520065307617	91.301	1	0.102417	-0.283876	0.301699	-70.158
452.8710021972656	92.80589999999999	1	0.09942670000000001	-0.280703	0.297731	-70.494
454.9900054931641	94.3108	1	0.09643599999999999	-0.277468	0.293703	-70.824
457.1000061035156	95.81570000000001	1	0.0937505	-0.274416	0.289919	-71.13
459.2210006713867	97.3206	1	0.09094289999999999	-0.271242	0.286013	-71.45399999999999
461.3310012817383	98.82550000000001	1	0.0883794	-0.268251	0.282351	-71.74800000000001
463.4500045776367	100.333	1	0.085938	-0.2652	0.278749	-72.036
465.5690002441406	101.838	1	0.08184859999999999	-0.262819	0.275209	-72.69
467.6880035400391	103.343	1	0.0795903	-0.260012	0.271852	-72.97799999999999
469.7980041503906	104.848	1	0.07739310000000001	-0.257143	0.268496	-73.24800000000001
471.9090042114258	106.35	1	0.07519579999999999	-0.254335	0.265139	-73.518
474.0270004272461	107.858	1	0.07312059999999999	-0.251711	0.262087	-73.788
476.1440048217773	109.363	1	0.0710454	-0.249085	0.258974	-74.06399999999999
478.2540054321289	110.868	1	0.0691533	-0.246461	0.255922	-74.316
480.3650054931641	112.369	1	0.06726119999999999	-0.243836	0.252932	-74.568
482.484001159668	113.877	1	0.0654912	-0.241334	0.250002	-74.80800000000001
484.5940017700195	115.382	1	0.06372120000000001	-0.238893	0.247193	-75.054
486.7040023803711	116.887	1	0.062073	-0.236512	0.244447	-75.282
488.8250045776367	118.392	1	0.0604861	-0.234071	0.2417	-75.51000000000001
490.9449996948242	119.897	1	0.058655	-0.231812	0.239076	-75.786
493.0740051269531	121.402	1	0.0571902	-0.229432	0.236451	-75.996
495.1840057373047	122.907	1	0.0557253	-0.227235	0.233888	-76.212
497.3030014038086	124.414	1	0.0542605	-0.225038	0.231446	-76.434
499.4200057983398	125.916	1	0.0528567	-0.22284	0.229005	-76.64400000000001
501.5300064086914	127.421	1	0.0515139	-0.220765	0.226624	-76.848
503.6490020751953	128.929	1	0.0501711	-0.21869	0.224305	-77.06999999999999
505.7680053710938	130.434	1	0.0488894	-0.216615	0.221986	-77.274
507.8880004882813	131.936	1	0.0476077	-0.214662	0.21985	-77.47799999999999
510.0020065307617	133.441	1	0.046448	-0.212647	0.217652	-77.67
512.1240005493164	134.949	1	0.0452273	-0.210694	0.215455	-77.874
514.2440032958984	136.451	1	0.0440676	-0.208863	0.21338	-78.078
516.35400390625	137.958	1	0.042969	-0.206971	0.211305	-78.264
518.4640045166016	139.462	1	0.0418704	-0.205079	0.209291	-78.45
520.5790023803711	140.968	1	0.0407717	-0.203248	0.207276	-78.648
522.6990051269531	142.471	1	0.0397952	-0.201478	0.205323	-78.816
524.8100051879883	143.978	1	0.0387576	-0.199708	0.20337	-79.002
526.9200057983398	145.481	1	0.037781	-0.197999	0.201478	-79.182
529.0400009155273	146.988	1	0.0368044	-0.196321	0.199708	-79.38
532.4710006713867	148.495	1	0.0358889	-0.194642	0.197907	-79.548
534.5930023193359	149.998	1	0.0350039	-0.192964	0.196076	-79.71599999999999
