time(s)	f (Hz)	Nharm	X (V)	Y (V)	R (V)	teta (degr)
40.91400146484375	0.9999	1	0.735722	0.09014940000000001	0.741215	6.984
40.91400146484375	0.9999	1	0.735722	0.09014940000000001	0.741215	6.984
40.91400146484375	0.9999	1	0.735722	0.09014940000000001	0.741215	6.984
40.91400146484375	0.9999	1	0.735722	0.09014940000000001	0.741215	6.984
40.91400146484375	0.9999	1	0.735722	0.09014940000000001	0.741215	6.984
40.91400146484375	0.9999	1	0.735722	0.09014940000000001	0.741215	6.984
40.91400146484375	0.9999	1	0.735722	0.09014940000000001	0.741215	6.984
264.1279983520508	11.5352	1	0.671635	-0.226808	0.708866	-18.654
276.2560043334961	13.0401	1	0.6519200000000001	-0.250307	0.698307	-21
288.3740005493164	14.545	1	0.631107	-0.271242	0.686893	-23.256
299.6620025634766	16.0499	1	0.6095620000000001	-0.289858	0.674992	-25.428
303.7750015258789	17.5552	1	0.587772	-0.306093	0.662663	-27.504
307.8990020751953	19.0601	1	0.565861	-0.32007	0.650089	-29.49
312.0279998779297	20.5665	1	0.54401	-0.332033	0.637333	-31.392
316.1460037231445	22.0695	1	0.522282	-0.342104	0.624332	-33.222
320.2679977416992	23.5748	1	0.5011020000000001	-0.350405	0.6114540000000001	-34.956
324.3789978027344	25.0807	1	0.480349	-0.357119	0.598576	-36.624
328.4909973144531	26.5856	1	0.460207	-0.362368	0.585697	-38.208
332.6060028076172	28.0914	1	0.440676	-0.366335	0.573002	-39.738
336.7280044555664	29.5935	1	0.421877	-0.369204	0.560612	-41.184
340.8440017700195	31.0993	1	0.403933	-0.371096	0.548466	-42.57
344.9609985351563	32.6052	1	0.386599	-0.372072	0.536503	-43.896
349.072998046875	34.111	1	0.370058	-0.372255	0.524906	-45.168
353.1800003051758	35.6169	1	0.35425	-0.371767	0.513493	-46.38
357.3040008544922	37.1199	1	0.339174	-0.370729	0.502445	-47.538
361.4150009155273	38.6276	1	0.324831	-0.369204	0.491762	-48.654
365.5270004272461	40.1297	1	0.311342	-0.367189	0.481325	-49.698
369.6520004272461	41.6346	1	0.298159	-0.364809	0.471071	-50.736
373.7630004882813	43.1433	1	0.285952	-0.362123	0.461367	-51.702
377.8730010986328	44.6482	1	0.274111	-0.359194	0.451784	-52.644
381.9800033569336	46.1502	1	0.263002	-0.35602	0.442629	-53.538
386.1030044555664	47.6551	1	0.252382	-0.352663	0.433596	-54.402
390.2259979248047	49.16	1	0.242372	-0.349123	0.424929	-55.224
394.5169982910156	50.6649	1	0.232728	-0.345461	0.416506	-56.028
396.6500015258789	52.1698	1	0.223756	-0.341799	0.40851	-56.784
398.7770004272461	53.6747	1	0.21515	-0.338015	0.400576	-57.516
400.8980026245117	55.1796	1	0.206849	-0.334169	0.393007	-58.236
403.0289993286133	56.6845	1	0.199037	-0.330385	0.385683	-58.926
405.1549987792969	58.1894	1	0.191712	-0.326479	0.378603	-59.568
407.2750015258789	59.6924	1	0.184754	-0.322695	0.371767	-60.204
409.3950042724609	61.2011	1	0.177857	-0.318727	0.364992	-60.834
411.5240020751953	62.706	1	0.171449	-0.31476	0.3584	-61.416
413.6559982299805	64.2109	1	0.165406	-0.311098	0.352297	-61.992
415.7750015258789	65.7139	1	0.159608	-0.307192	0.346132	-62.544
417.9209976196289	67.22069999999999	1	0.154115	-0.303469	0.340273	-63.072
420.0530014038086	68.72369999999999	1	0.148805	-0.299746	0.334597	-63.588
422.1849975585938	70.23050000000001	1	0.1438	-0.296144	0.329165	-64.092
424.3099975585938	71.73730000000001	1	0.138978	-0.292482	0.323732	-64.572
426.4349975585938	73.2422	1	0.134339	-0.288881	0.318544	-65.05200000000001
428.5540008544922	74.7452	1	0.130006	-0.285341	0.31354	-65.496
430.6780014038086	76.2501	1	0.125733	-0.281801	0.308535	-65.946
432.8040008544922	77.755	1	0.121705	-0.278444	0.303835	-66.384
434.9240036010742	79.2599	1	0.117859	-0.275026	0.299196	-66.804
437.068000793457	80.76860000000001	1	0.114197	-0.27173	0.29468	-67.194
439.2020034790039	82.2735	1	0.110596	-0.268496	0.290346	-67.602
441.3339996337891	83.7765	1	0.107178	-0.265322	0.286135	-67.992
443.4640045166016	85.2795	1	0.103943	-0.262209	0.282045	-68.37000000000001
445.5970001220703	86.7863	1	0.100831	-0.259035	0.277956	-68.724
447.7330017089844	88.2931	1	0.09783980000000001	-0.256044	0.27405	-69.078
449.8690032958984	89.7942	1	0.09497120000000001	-0.253115	0.270266	-69.426
452.0009994506836	91.2991	1	0.0921636	-0.250185	0.266542	-69.768
454.1399993896484	92.80589999999999	1	0.089478	-0.247315	0.262941	-70.104
456.2679977416992	94.3108	1	0.08691450000000001	-0.244508	0.259462	-70.428
458.411003112793	95.81570000000001	1	0.0844121	-0.241761	0.256044	-70.74
460.5559997558594	97.3206	1	0.08209279999999999	-0.239076	0.252748	-71.04600000000001
462.6880035400391	98.82550000000001	1	0.07977339999999999	-0.236512	0.249513	-71.352
464.8320007324219	100.333	1	0.0775151	-0.233888	0.246339	-71.658
466.9830017089844	101.838	1	0.073853	-0.231751	0.243165	-72.312
469.1210021972656	103.34	1	0.0718389	-0.22931	0.240235	-72.58799999999999
471.265998840332	104.848	1	0.0698857	-0.226869	0.237306	-72.87600000000001
473.3990020751953	106.35	1	0.0679936	-0.224366	0.234437	-73.134
475.5329971313477	107.855	1	0.0661626	-0.222047	0.231629	-73.398
477.6640014648438	109.363	1	0.06439259999999999	-0.219728	0.228883	-73.66200000000001
479.8000030517578	110.868	1	0.0626225	-0.217469	0.226258	-73.932
481.9359970092773	112.369	1	0.0609744	-0.215211	0.223573	-74.172
484.0640029907227	113.877	1	0.0593874	-0.213014	0.22107	-74.41800000000001
486.1900024414063	115.382	1	0.0578616	-0.210877	0.218568	-74.652
488.3280029296875	116.887	1	0.0562747	-0.208802	0.216187	-74.898
490.4690017700195	118.392	1	0.0548098	-0.206727	0.213807	-75.13200000000001
492.5950012207031	119.897	1	0.0532839	-0.204652	0.211366	-75.39
494.7229995727539	121.402	1	0.0521243	-0.202699	0.209229	-75.56399999999999
496.8550033569336	122.907	1	0.0507205	-0.200685	0.20691	-75.81
498.9830017089844	124.412	1	0.0494387	-0.198731	0.204774	-76.014
501.1100006103516	125.916	1	0.048157	-0.1969	0.202638	-76.242
503.2409973144531	127.421	1	0.0469973	-0.195008	0.200562	-76.446
505.370002746582	128.929	1	0.0457766	-0.193208	0.198518	-76.66200000000001
508.8199996948242	130.434	1	0.0446475	-0.191438	0.196534	-76.866
510.9469985961914	131.936	1	0.0434878	-0.189668	0.194551	-77.08199999999999
513.0770034790039	133.441	1	0.0424807	-0.187928	0.192658	-77.262
515.2060012817383	134.946	1	0.0413821	-0.186219	0.190736	-77.46599999999999
517.3420028686523	136.451	1	0.040375	-0.184541	0.188874	-77.658
519.4700012207031	137.958	1	0.0393374	-0.182893	0.187043	-77.84999999999999
521.5979995727539	139.462	1	0.0383914	-0.181306	0.185304	-78.036
523.7259979248047	140.968	1	0.0374148	-0.179749	0.183564	-78.234
525.8659973144531	142.471	1	0.0365298	-0.178163	0.181825	-78.408
527.995002746582	143.978	1	0.0356143	-0.176637	0.180146	-78.59999999999999
530.125	145.481	1	0.0347598	-0.17508	0.178468	-78.768
532.2649993896484	146.988	1	0.0338748	-0.173646	0.176911	-78.95399999999999
534.3929977416992	148.495	1	0.0330813	-0.172151	0.175294	-79.116
536.5410003662109	149.998	1	0.0322268	-0.170747	0.173738	-79.30200000000001
