time(s)	f (Hz)	Nharm	X (V)	Y (V)	R (V)	teta (degr)
22.16699981689453	0.9999	1	-2.3246E-006	2.91766E-005	2.92958E-005	94.536
128.7959976196289	2.5049	1	1.70619E-005	-2.08617E-007	1.70619E-005	-0.696
256.1559982299805	4.01	1	4.16117E-005	5.12603E-006	4.19246E-005	7.032
288.7770004272461	5.5151	1	2.3529E-005	2.21284E-006	2.36334E-005	5.376
311.5239944458008	7.02	1	4.38059E-005	9.53682E-007	4.38171E-005	1.248
344.5749969482422	8.524900000000001	1	3.09984E-005	2.3395E-006	3.10841E-005	4.32
367.3119964599609	10.0303	1	5.68854E-005	-2.92064E-006	5.69599E-005	-2.934
390.3409957885742	11.5347	1	9.590819999999999E-006	-9.62435E-006	1.35843E-005	-45.096
423.1049957275391	13.0401	1	2.3218E-005	-1.13492E-005	2.58425E-005	-26.046
435.2259979248047	14.5454	1	2.02545E-005	1.0036E-005	2.26052E-005	26.358
446.5599975585938	16.0494	1	5.03177E-005	1.21445E-006	5.03289E-005	1.392
450.9769973754883	17.5543	1	5.23704E-005	-1.89395E-005	5.56933E-005	-19.872
455.3880004882813	19.0606	1	4.04345E-005	7.52512E-006	4.11274E-005	10.542
459.5069961547852	20.565	1	3.78417E-005	3.16056E-005	4.93082E-005	39.87
463.6309967041016	22.0709	1	1.02148E-005	9.55915E-006	1.39922E-005	43.11
471.390998840332	23.5748	1	5.74591E-005	3.35278E-007	5.74591E-005	0.336
475.52099609375	25.0807	1	1.94014E-005	-7.66671E-006	2.08617E-005	-21.534
486.9169998168945	26.5856	1	1.83509E-005	-1.37762E-005	2.29405E-005	-36.888
491.0439987182617	28.0886	1	3.32E-005	7.49531E-006	3.40382E-005	12.72
498.5289993286133	29.5954	1	1.99416E-005	-1.43834E-005	2.45833E-005	-35.802
506.3040008544922	31.1012	1	3.32186E-005	3.35278E-006	3.33863E-005	5.766
510.431999206543	32.6052	1	2.93554E-005	-2.00496E-005	3.55507E-005	-34.332
514.5489959716797	34.111	1	4.19843E-005	3.66197E-006	4.21444E-005	4.986
518.6640014648438	35.6159	1	1.70359E-005	-1.63168E-006	1.71104E-005	-5.466
522.8050003051758	37.1208	1	2.25009E-005	-2.85359E-006	2.26797E-005	-7.218
530.5629959106445	38.6257	1	4.04234E-005	-5.62522E-007	4.04271E-005	-0.786
534.6829986572266	40.1297	1	2.56525E-005	1.51024E-005	2.97689E-005	30.492
538.827995300293	41.6365	1	3.30845E-005	-1.67825E-005	3.70967E-005	-26.892
542.9519958496094	43.1404	1	3.06072E-005	1.23419E-005	3.29989E-005	21.954
547.0639953613281	44.6444	1	1.61492E-005	-1.24314E-005	2.03812E-005	-37.578
551.1889953613281	46.1502	1	3.53756E-005	-9.02644E-006	3.65118E-005	-14.316
555.3320007324219	47.6551	1	3.59119E-006	1.09897E-005	1.15634E-005	71.898
559.4659957885742	49.1581	1	2.46541E-005	-1.70246E-006	2.47137E-005	-3.942
563.8249969482422	50.663	1	3.93356E-005	-3.01712E-005	4.95689E-005	-37.482
565.9589996337891	52.1698	1	1.43722E-005	1.34074E-005	1.96566E-005	43.002
569.4749984741211	53.6747	1	5.46093E-005	5.64198E-006	5.46093E-005	4.068
571.6110000610352	55.1796	1	2.20948E-005	5.01091E-005	5.47732E-005	66.20399999999999
574.072998046875	56.6845	1	2.41791E-005	-1.29827E-005	2.74406E-005	-28.23
577.5879974365234	58.1894	1	1.4009E-005	1.49869E-005	2.05134E-005	46.938
579.7289962768555	59.6962	1	9.44887E-005	4.35079E-005	0.000104033	24.726
582.213996887207	61.2011	1	5.46093E-005	-5.7854E-006	5.46093E-005	-5.412
587.4329986572266	62.706	1	4.51992E-005	0.000100144	0.000109219	65.712
589.8979949951172	64.2109	1	-1.68906E-005	0.000109748	0.000111051	98.74800000000001
592.3719940185547	65.71769999999999	1	1.85968E-005	-1.44654E-005	2.35589E-005	-37.872
595.8880004882813	67.2226	1	2.85545E-005	1.02632E-005	3.03426E-005	19.776
598.0219955444336	68.7256	1	4.00136E-005	8.98546E-006	4.10082E-005	12.654
600.1529998779297	70.23050000000001	1	3.86613E-005	-9.91678E-006	3.99055E-005	-14.388
602.3009948730469	71.7354	1	3.59232E-005	2.05563E-005	4.13882E-005	29.784
604.4349975585938	73.24030000000001	1	4.5866E-005	-9.37661E-006	4.68122E-005	-11.544
606.5749969482422	74.7471	1	1.11238E-005	3.51669E-006	1.16714E-005	17.532
608.7089996337891	76.252	1	5.31974E-006	-2.6636E-006	5.94932E-006	-26.622
610.8579940795898	77.755	1	3.08455E-006	-1.11163E-005	1.15336E-005	-74.496
612.9879989624023	79.2599	1	5.49967E-005	-1.44318E-005	5.68593E-005	-14.7
615.1419982910156	80.76479999999999	1	1.72706E-005	-2.12156E-005	2.73512E-005	-50.844
617.2849960327148	82.27160000000001	1	8.657620000000001E-005	-5.22735E-005	0.000101146	-31.122
621.1319961547852	83.7765	1	3.18142E-005	-3.06147E-005	4.41524E-005	-43.896
623.5810012817383	85.2833	1	3.63665E-005	-1.00807E-005	3.77449E-005	-15.492
625.7149963378906	86.7863	1	3.62175E-005	-9.298379999999999E-006	3.73872E-005	-14.4
627.8479995727539	88.2912	1	2.9158E-005	1.04942E-005	3.09909E-005	19.794
631.3629989624023	89.7961	1	4.09654E-005	7.59031E-006	4.16657E-005	10.5
634.8809967041016	91.3048	1	2.26313E-005	-1.08611E-005	2.51011E-005	-25.632
637.0199966430664	92.80589999999999	1	4.04159E-005	1.10474E-005	4.18986E-005	15.288
639.1539993286133	94.3079	1	4.27125E-005	-1.44765E-005	4.50986E-005	-18.72
641.286994934082	95.8185	1	3.42878E-005	-5.06381E-005	6.115110000000001E-005	-55.896
643.7689971923828	97.3206	1	4.55233E-005	-1.65851E-005	4.84514E-005	-20.016
647.5979995727539	98.82550000000001	1	3.85421E-005	2.08096E-005	4.38059E-005	28.368
649.7379989624023	100.33	1	2.16254E-005	-6.29204E-006	2.25232E-005	-16.206
651.8809967041016	101.838	1	3.39227E-005	3.47088E-005	4.8537E-005	45.654
654.02099609375	103.343	1	1.0781E-005	-3.45336E-006	1.13138E-005	-17.73
656.1559982299805	104.848	1	1.38097E-005	-1.53744E-005	2.06643E-005	-48.048
658.2989959716797	106.35	1	4.05314E-006	-1.74345E-005	1.78927E-005	-76.908
660.4369964599609	107.855	1	3.14957E-005	-5.56002E-006	3.19837E-005	-10.008
663.9409942626953	109.36	1	2.72134E-005	-1.83863E-005	3.28387E-005	-34.044
666.0739974975586	110.868	1	3.20228E-005	6.65526E-006	3.27101E-005	11.742
668.213996887207	112.369	1	2.5604E-005	-8.344710000000001E-006	2.69302E-005	-18.054
670.343994140625	113.874	1	2.63472E-005	-1.29268E-005	2.93461E-005	-26.136
672.4759979248047	115.379	1	4.71885E-005	9.92237E-006	4.82223E-005	11.874
674.6149978637695	116.887	1	1.25282E-005	-5.43485E-005	5.57753E-005	-77.02800000000001
677.0799942016602	118.392	1	1.11461E-005	1.06954E-005	1.54489E-005	43.812
679.2200012207031	119.897	1	1.70061E-005	1.87756E-005	2.53358E-005	47.844
681.359001159668	121.402	1	2.80385E-005	-8.188250000000001E-006	2.92083E-005	-16.278
684.8610000610352	122.91	1	2.11039E-005	-5.606600000000001E-007	2.11113E-005	-1.524
686.9949951171875	124.414	1	1.65125E-005	-7.56423E-006	1.81646E-005	-24.618
689.129997253418	125.916	1	2.91952E-005	-5.46111E-005	5.46093E-005	-68.38800000000001
692.9829940795898	127.424	1	3.17248E-005	-5.29813E-005	6.175460000000001E-005	-59.082
695.447998046875	128.929	1	2.32012E-005	2.79399E-007	2.32049E-005	0.69
697.5849990844727	130.434	1	2.0262E-005	-1.36868E-005	2.44492E-005	-34.038
699.7269973754883	131.939	1	1.06358E-005	-7.55864E-006	1.3046E-005	-35.394
701.8779983520508	133.447	1	2.43263E-005	-6.80241E-006	2.52613E-005	-15.624
704.0139999389648	134.949	1	4.33812E-005	-2.62224E-005	5.0694E-005	-31.152
706.1489944458008	136.454	1	2.44566E-005	-7.45433E-006	2.55668E-005	-16.95
708.2900009155273	137.958	1	5.45385E-005	-1.52626E-005	5.66321E-005	-15.63
710.4229965209961	139.465	1	5.40803E-005	9.276029999999999E-006	5.48738E-005	9.731999999999999
712.5639953613281	140.968	1	5.17576E-005	-2.32254E-005	5.46093E-005	-24.162
716.068000793457	142.471	1	2.42126E-005	7.717000000000001E-006	2.54122E-005	17.682
718.2099990844727	143.978	1	2.92679E-005	-1.62461E-005	3.3472E-005	-29.034
720.3600006103516	145.481	1	2.74741E-005	-1.45063E-005	3.10673E-005	-27.828
722.5039978027344	146.988	1	1.53483E-005	-1.96194E-005	2.49074E-005	-51.96
724.6389999389648	148.495	1	3.84452E-005	9.81621E-007	3.84601E-005	1.47
726.7739944458008	150.001	1	2.36538E-005	-7.23641E-006	2.47323E-005	-17.01
