time(s)	f (Hz)	Nharm	X (V)	Y (V)	R (V)	teta (degr)
449.7799987792969	13.0401	1	0.106995	-0.0233766	0.109528	-12.318
472.4199981689453	14.545	1	0.104889	-0.0251161	0.10785	-13.464
483.6999969482422	16.0499	1	0.102723	-0.0265199	0.10611	-14.46
487.8170013427734	17.5548	1	0.100617	-0.0277101	0.104371	-15.39
491.9269943237305	19.0606	1	0.0984807	-0.0287477	0.10257	-16.26
496.0469970703125	20.565	1	0.0964665	-0.0295106	0.100892	-16.998
500.1769943237305	22.0695	1	0.0945058	-0.0302125	0.0992208	-17.73
507.5999984741211	23.5748	1	0.0925832	-0.0307389	0.0975499	-18.36
511.7119979858398	25.0797	1	0.09078260000000001	-0.0310518	0.0959401	-18.882
515.8219985961914	26.5846	1	0.0890889	-0.0312731	0.0944142	-19.338
519.9369964599609	28.0905	1	0.0874486	-0.0313647	0.09289600000000001	-19.728
524.0469970703125	29.5954	1	0.08591509999999999	-0.0314028	0.0914693	-20.076
528.1579971313477	31.1003	1	0.0844579	-0.0313952	0.09010360000000001	-20.388
532.2789993286133	32.6052	1	0.083077	-0.0313494	0.08879140000000001	-20.67
536.3899993896484	34.111	1	0.0817647	-0.0312272	0.0875249	-20.898
540.5099945068359	35.6159	1	0.0805669	-0.0310365	0.0863347	-21.066
544.6389999389648	37.1208	1	0.07938430000000001	-0.0308076	0.08515209999999999	-21.21
548.7579956054688	38.6257	1	0.0783238	-0.0306093	0.08408400000000001	-21.342
552.8709945678711	40.1306	1	0.07727100000000001	-0.0303422	0.0830159	-21.432
557.0089950561523	41.6384	1	0.0763631	-0.0300523	0.0820622	-21.48
561.1289978027344	43.1404	1	0.07547810000000001	-0.0297853	0.08113910000000001	-21.528
565.2399978637695	44.6463	1	0.07463880000000001	-0.0294954	0.0802541	-21.558
569.3529968261719	46.1502	1	0.073853	-0.029236	0.0794301	-21.594
573.484001159668	47.6551	1	0.0730748	-0.0288926	0.07858320000000001	-21.57
577.593994140625	49.16	1	0.0723729	-0.0286256	0.07782790000000001	-21.576
581.8949966430664	50.6649	1	0.0717092	-0.0283204	0.0770955	-21.552
584.0239944458008	52.1698	1	0.0710759	-0.0280534	0.0764089	-21.54
586.1529998779297	53.6747	1	0.0704808	-0.0277253	0.0757375	-21.468
588.2989959716797	55.1796	1	0.0699697	-0.0274965	0.0751729	-21.45
590.4449996948242	56.6845	1	0.0694432	-0.0272752	0.0746083	-21.444
592.5709991455078	58.1913	1	0.0689015	-0.0268937	0.07395980000000001	-21.318
594.6959991455078	59.6962	1	0.0684438	-0.0266267	0.0734334	-21.252
596.822998046875	61.2011	1	0.0679708	-0.0263368	0.07288409999999999	-21.174
598.9499969482422	62.706	1	0.0675282	-0.0261232	0.07240340000000001	-21.144
601.0849990844727	64.2109	1	0.0671773	-0.0258409	0.0719762	-21.036
603.2149963378906	65.7158	1	0.0667577	-0.0256044	0.0714955	-20.982
605.3489990234375	67.22069999999999	1	0.06638380000000001	-0.0253526	0.07105300000000001	-20.898
607.4809951782227	68.7256	1	0.0660405	-0.0251542	0.0706639	-20.85
609.6079940795898	70.23050000000001	1	0.06570479999999999	-0.024933	0.0702748	-20.772
611.7350006103516	71.7354	1	0.0653386	-0.0247728	0.0698705	-20.76
613.8649978637695	73.24030000000001	1	0.06511740000000001	-0.02446	0.0695577	-20.586
615.9869995117188	74.7452	1	0.0647969	-0.0242845	0.0691915	-20.538
618.1149978637695	76.252	1	0.06447650000000001	-0.0240861	0.06881760000000001	-20.478
620.2419967651367	77.755	1	0.0642171	-0.0238801	0.0685124	-20.388
622.3689956665039	79.2599	1	0.0639424	-0.0236589	0.06817670000000001	-20.298
624.4969940185547	80.7667	1	0.0636907	-0.0235368	0.0678945	-20.28
626.6439971923828	82.27160000000001	1	0.0634236	-0.0233308	0.067574	-20.19
628.7809982299805	83.7765	1	0.06324050000000001	-0.0231401	0.0673375	-20.094
630.9179992675781	85.2795	1	0.06299639999999999	-0.0230256	0.06707050000000001	-20.07
633.0459976196289	86.7863	1	0.06279800000000001	-0.022812	0.0668111	-19.956
635.1829986572266	88.2912	1	0.0626225	-0.0226823	0.0665975	-19.908
637.3109970092773	89.7961	1	0.0624239	-0.0225145	0.0663533	-19.83
639.4549942016602	91.301	1	0.0622408	-0.0223542	0.0661321	-19.752
641.5989990234375	92.80589999999999	1	0.0619814	-0.0222322	0.0658498	-19.728
643.7429962158203	94.3108	1	0.061867	-0.0220796	0.0656896	-19.638
645.8779983520508	95.81570000000001	1	0.0616839	-0.0219728	0.0654836	-19.608
648.0179977416992	97.3206	1	0.0614779	-0.0218126	0.06523180000000001	-19.53
650.1439971923828	98.8283	1	0.0613329	-0.0216905	0.0650563	-19.47
652.2729949951172	100.33	1	0.0611804	-0.0215837	0.06487320000000001	-19.428
654.4189987182617	101.838	1	0.0609362	-0.0218736	0.0647435	-19.746
656.5469970703125	103.343	1	0.0607607	-0.0217973	0.0645452	-19.728
658.6839981079102	104.848	1	0.0606081	-0.02166	0.064362	-19.662
660.8119964599609	106.35	1	0.0604708	-0.0215532	0.0642018	-19.608
662.943000793457	107.855	1	0.060364	-0.021454	0.0640645	-19.566
665.0789947509766	109.36	1	0.0602572	-0.0213243	0.0639195	-19.482
667.2070007324219	110.865	1	0.060097	-0.0212404	0.0637441	-19.464
669.3470001220703	112.372	1	0.0599444	-0.0211717	0.0635762	-19.446
671.4799957275391	113.877	1	0.0598528	-0.0210801	0.0634542	-19.398
673.609001159668	115.382	1	0.0597308	-0.0209657	0.0633016	-19.338
675.7379989624023	116.887	1	0.059624	-0.0208665	0.0631642	-19.284
677.8639984130859	118.392	1	0.0595095	-0.0208284	0.0630498	-19.29
679.9889984130859	119.897	1	0.0593874	-0.0207521	0.0629048	-19.254
682.1199951171875	121.402	1	0.0592654	-0.0206529	0.06275989999999999	-19.212
684.2559967041016	122.91	1	0.0591967	-0.0206071	0.06268360000000001	-19.194
686.3899993896484	124.414	1	0.0590899	-0.0204927	0.0625386	-19.128
688.5189971923828	125.914	1	0.0589678	-0.0204469	0.0624087	-19.116
690.6539993286133	127.424	1	0.0588992	-0.0203706	0.0623171	-19.074
692.7949981689453	128.929	1	0.0587847	-0.0203019	0.0621951	-19.05
694.9290008544922	130.434	1	0.0587161	-0.0202638	0.0621111	-19.038
697.056999206543	131.939	1	0.0585864	-0.0201722	0.0619586	-18.99
699.1829986572266	133.441	1	0.0585177	-0.0201188	0.0618823	-18.966
701.3139953613281	134.946	1	0.0584643	-0.0200349	0.0617983	-18.912
703.4409942626953	136.451	1	0.0583575	-0.0200273	0.0616915	-18.942
705.5690002441406	137.955	1	0.0582736	-0.0199357	0.0615847	-18.882
707.697998046875	139.462	1	0.0581744	-0.0198976	0.0614779	-18.876
709.827995300293	140.964	1	0.0580904	-0.0198442	0.0613787	-18.858
711.9539947509766	142.471	1	0.058037	-0.0197831	0.0613177	-18.816
714.0820007324219	143.978	1	0.0579455	-0.0197526	0.0612185	-18.816
716.2099990844727	145.485	1	0.0578692	-0.0197068	0.0611269	-18.804
718.3369979858398	146.988	1	0.0578158	-0.0197068	0.0610812	-18.822
720.4729995727539	148.495	1	0.0576861	-0.0196306	0.0609362	-18.786
722.6009979248047	150.001	1	0.0576708	-0.0195771	0.0608981	-18.744
