time(s)	f (Hz)	Nharm	X (V)	Y (V)	R (V)	teta (degr)
263.931999206543	11.5347	1	0.09732100000000001	-0.0149155	0.0984502	-8.712
296.6309967041016	13.0401	1	0.0960698	-0.016678	0.0974965	-9.846
308.7429962158203	14.5445	1	0.0947881	-0.0183259	0.0965428	-10.938
320.0130004882813	16.0503	1	0.0934224	-0.0197831	0.09549000000000001	-11.952
324.1289978027344	17.5552	1	0.09198050000000001	-0.0210878	0.09436849999999999	-12.912
328.245002746582	19.0592	1	0.09057659999999999	-0.0222093	0.0932622	-13.776
332.3679962158203	20.565	1	0.0891652	-0.0232087	0.09214070000000001	-14.586
336.4799957275391	22.0699	1	0.0877385	-0.0240861	0.0909886	-15.348
340.5940017700195	23.5748	1	0.0863042	-0.0248109	0.0897985	-16.032
344.7080001831055	25.0807	1	0.0849004	-0.025467	0.0886388	-16.698
348.8209991455078	26.5856	1	0.08355	-0.0259858	0.087502	-17.268
352.931999206543	28.0905	1	0.0822225	-0.0263749	0.08635	-17.784
357.0439987182617	29.5954	1	0.0809484	-0.0267183	0.08524370000000001	-18.264
361.1569976806641	31.0984	1	0.0796819	-0.0270158	0.08412980000000001	-18.726
365.2689971923828	32.6052	1	0.0784535	-0.0272218	0.0830388	-19.134
369.379997253418	34.111	1	0.0773244	-0.027382	0.0820317	-19.494
373.4909973144531	35.615	1	0.07623340000000001	-0.0274659	0.0810246	-19.806
377.6129989624023	37.1208	1	0.0751729	-0.0275193	0.08005569999999999	-20.106
381.7269973754883	38.6257	1	0.0741506	-0.027527	0.07910200000000001	-20.364
385.8399963378906	40.1306	1	0.0731969	-0.027527	0.0782018	-20.61
389.9589996337891	41.6355	1	0.0722737	-0.0274659	0.07731680000000001	-20.802
394.0719985961914	43.1395	1	0.07141160000000001	-0.0273668	0.0764775	-20.964
398.1849975585938	44.6463	1	0.07056469999999999	-0.0272676	0.0756536	-21.126
402.2979965209961	46.1502	1	0.06973310000000001	-0.0271684	0.07483720000000001	-21.282
406.4099960327148	47.6551	1	0.06898550000000001	-0.0270616	0.0741048	-21.414
410.5199966430664	49.16	1	0.0682836	-0.026909	0.0733876	-21.504
414.8089981079102	50.6649	1	0.0675359	-0.0267183	0.0726247	-21.582
416.9400024414063	52.1698	1	0.0669408	-0.0265886	0.0720296	-21.66
419.0619964599609	53.6747	1	0.0662465	-0.0263902	0.0713048	-21.714
421.1849975585938	55.1796	1	0.0656438	-0.0263063	0.0707173	-21.834
423.3160018920898	56.6845	1	0.065064	-0.026085	0.07009940000000001	-21.84
425.4469985961914	58.1913	1	0.0645757	-0.0259095	0.06957289999999999	-21.858
427.5790023803711	59.6962	1	0.0640569	-0.0257188	0.0690236	-21.87
429.7099990844727	61.2011	1	0.06355329999999999	-0.0254823	0.0684743	-21.846
431.8430023193359	62.706	1	0.0630574	-0.0253221	0.06794790000000001	-21.876
433.9739990234375	64.2128	1	0.0625844	-0.0251161	0.0674367	-21.864
436.1049957275391	65.7158	1	0.0621874	-0.024933	0.0669942	-21.84
438.2419967651367	67.22069999999999	1	0.0617907	-0.0247346	0.0665593	-21.81
440.3740005493164	68.7256	1	0.0613558	-0.0245515	0.0660787	-21.804
442.5009994506836	70.23050000000001	1	0.0609744	-0.0243837	0.0656667	-21.792
444.640998840332	71.7354	1	0.0606005	-0.0242234	0.0652623	-21.786
446.7630004882813	73.24030000000001	1	0.0602725	-0.0240327	0.0648885	-21.738
448.8889999389648	74.7452	1	0.0599062	-0.0238267	0.06447650000000001	-21.69
451.0179977416992	76.252	1	0.0595629	-0.0237199	0.0641103	-21.708
453.1389999389648	77.7569	1	0.0593035	-0.0235521	0.0638051	-21.654
455.2719955444336	79.26179999999999	1	0.0590212	-0.0233232	0.0634618	-21.558
457.4029998779297	80.7667	1	0.0586932	-0.0231858	0.0631108	-21.546
459.5400009155273	82.27160000000001	1	0.0584719	-0.0230333	0.06284380000000001	-21.498
461.6790008544922	83.7765	1	0.058182	-0.022873	0.06251569999999999	-21.462
463.8199996948242	85.2795	1	0.0579302	-0.0226899	0.0622103	-21.384
465.9420013427734	86.7863	1	0.0576785	-0.0225679	0.0619433	-21.366
468.0719985961914	88.29689999999999	1	0.0574572	-0.0224	0.0616686	-21.3
470.2050018310547	89.7961	1	0.0572207	-0.0222703	0.0614016	-21.264
472.3369979858398	91.301	1	0.0569842	-0.0221559	0.0611346	-21.246
474.4670028686523	92.80589999999999	1	0.0567553	-0.021988	0.0608599	-21.174
476.5989990234375	94.3108	1	0.0565493	-0.021866	0.060631	-21.138
478.7210006713867	95.8185	1	0.0563509	-0.0217515	0.0604022	-21.102
480.8519973754883	97.3206	1	0.0561907	-0.0216295	0.0602038	-21.048
482.9889984130859	98.82550000000001	1	0.0559771	-0.0214998	0.0599673	-21
485.120002746582	100.33	1	0.0557864	-0.0214082	0.0597537	-20.988
487.2519989013672	101.838	1	0.0554965	-0.0215455	0.0595248	-21.21
489.3730010986328	103.343	1	0.0553439	-0.0214463	0.0593493	-21.174
491.4929962158203	104.848	1	0.0551836	-0.0213701	0.0591738	-21.168
493.6279983520508	106.353	1	0.0550311	-0.0212098	0.0589831	-21.072
495.7559967041016	107.855	1	0.0548632	-0.0211412	0.0587924	-21.072
497.8870010375977	109.363	1	0.0546649	-0.0210267	0.0585711	-21.03
500.0079956054688	110.865	1	0.054558	-0.020981	0.0584567	-21.03
502.1389999389648	112.372	1	0.0544283	-0.0208131	0.0582736	-20.928
504.2590026855469	113.877	1	0.0543063	-0.0207292	0.0581286	-20.886
506.3889999389648	115.382	1	0.0541537	-0.02063	0.0579455	-20.85
508.5219955444336	116.887	1	0.0540316	-0.0205537	0.0578082	-20.826
510.6529998779297	118.392	1	0.053879	-0.0204698	0.0576327	-20.796
512.7740020751953	119.897	1	0.053757	-0.0203935	0.0574877	-20.766
514.9140014648438	121.402	1	0.0536196	-0.0202562	0.0573199	-20.688
517.0459976196289	122.907	1	0.053551	-0.020218	0.0572436	-20.676
519.1760025024414	124.414	1	0.0534136	-0.0201112	0.0570757	-20.628
521.306999206543	125.916	1	0.0532992	-0.0200349	0.0569384	-20.598
523.4390029907227	127.421	1	0.0532382	-0.0199281	0.0568392	-20.52
525.5699996948242	128.929	1	0.0531008	-0.0199052	0.0567095	-20.544
527.693000793457	130.434	1	0.052994	-0.0198213	0.0565798	-20.502
529.8249969482422	131.936	1	0.052933	-0.019806	0.0565188	-20.514
531.9570007324219	133.441	1	0.0528262	-0.0197068	0.0563815	-20.454
534.0879974365234	134.949	1	0.0526659	-0.0196382	0.056206	-20.442
536.2269973754883	136.454	1	0.0526049	-0.0195466	0.0561221	-20.382
538.3669967651367	137.958	1	0.0525286	-0.0195314	0.0560381	-20.388
540.4879989624023	139.462	1	0.0524218	-0.0194703	0.0559237	-20.37
542.620002746582	140.968	1	0.0523303	-0.019394	0.0558093	-20.334
544.7509994506836	142.471	1	0.052254	-0.0193483	0.0557177	-20.316
546.890998840332	143.978	1	0.0521472	-0.0192872	0.0556033	-20.292
549.0120010375977	145.481	1	0.0520403	-0.0192415	0.0554812	-20.286
551.1520004272461	146.988	1	0.051964	-0.0191728	0.0553896	-20.244
553.2819976806641	148.495	1	0.051903	-0.0191346	0.0553133	-20.232
555.4049987792969	150.001	1	0.0518649	-0.019066	0.0552599	-20.178
