time(s)	f (Hz)	Nharm	X (V)	Y (V)	R (V)	teta (degr)
time(s)	f (Hz)	Nharm	X (V)	Y (V)	R (V)	teta (degr)
0	0	0	0	0	0	0
0	0	0	0	0	0	0
0	0	0	0	0	0	0
0	0	0	0	0	0	0
0	0	0	0	0	0	0
0	0	0	0	0	0	0
0	0	0	0	0	0	0
0	0	0	0	0	0	0
275.8499984741211	13.0401	1	0.638493	0.00622562	0.638554	0.564
287.9599990844727	14.545	1	0.639286	0.00476077	0.639286	0.432
299.2470016479492	16.0503	1	0.639896	0.00335695	0.639896	0.306
303.359001159668	17.5548	1	0.640385	0.00207521	0.640385	0.186
307.4650039672852	19.0606	1	0.641056	0.0008544960000000001	0.641056	0.078
311.5810012817383	20.565	1	0.641605	-0.000183106	0.641605	-0.012
315.7009963989258	22.0699	1	0.642033	-0.00140382	0.642033	-0.12
319.8050003051758	23.5748	1	0.64246	-0.00256349	0.64246	-0.228
323.9049987792969	25.0807	1	0.642826	-0.00354005	0.642826	-0.312
328.0230026245117	26.5837	1	0.643131	-0.00457767	0.643131	-0.402
332.1330032348633	28.0905	1	0.643436	-0.00555423	0.643436	-0.492
336.2330017089844	29.5963	1	0.643742	-0.00659183	0.643742	-0.582
340.3610000610352	31.1003	1	0.643986	-0.00756839	0.643986	-0.672
344.4729995727539	32.6052	1	0.644169	-0.008544980000000001	0.64423	-0.756
348.5849990844727	34.1101	1	0.644291	-0.00946051	0.644352	-0.84
352.6949996948242	35.6169	1	0.644535	-0.010376	0.644596	-0.924
356.8150024414063	37.1208	1	0.644657	-0.0112305	0.644718	-0.996
360.9329986572266	38.6257	1	0.644718	-0.0121461	0.64484	-1.074
365.0530014038086	40.1306	1	0.644779	-0.0131226	0.644901	-1.158
369.1729965209961	41.6355	1	0.644962	-0.0139161	0.645084	-1.236
373.2839965820313	43.1376	1	0.645023	-0.0147706	0.645206	-1.314
377.3949966430664	44.6482	1	0.645145	-0.0156862	0.645329	-1.392
381.504997253418	46.1502	1	0.645206	-0.0165406	0.64539	-1.47
385.6190032958984	47.6551	1	0.645267	-0.0174562	0.645512	-1.548
389.7399978637695	49.16	1	0.645329	-0.0183107	0.645634	-1.62
394.0339965820313	50.6649	1	0.64539	-0.0191041	0.645634	-1.692
396.1650009155273	52.1698	1	0.645451	-0.0198976	0.645756	-1.764
398.286003112793	53.6766	1	0.645451	-0.020691	0.645756	-1.836
400.4059982299805	55.1796	1	0.645573	-0.0216066	0.645939	-1.914
402.5270004272461	56.6845	1	0.645573	-0.0224	0.646	-1.986
404.6460037231445	58.1894	1	0.645634	-0.0232545	0.646061	-2.058
406.765998840332	59.6962	1	0.645817	-0.0238649	0.646244	-2.112
408.8960037231445	61.2011	1	0.645695	-0.0247804	0.646183	-2.19
411.036003112793	62.706	1	0.645634	-0.0255738	0.646122	-2.268
413.1559982299805	64.2109	1	0.645695	-0.0263673	0.646244	-2.34
415.286003112793	65.7158	1	0.645634	-0.0272828	0.646244	-2.412
417.4150009155273	67.22069999999999	1	0.645695	-0.0280153	0.646305	-2.484
419.5469970703125	68.7256	1	0.645695	-0.0288087	0.646305	-2.55
421.6780014038086	70.2324	1	0.645695	-0.0295411	0.646366	-2.616
423.806999206543	71.7354	1	0.645634	-0.0303346	0.646305	-2.688
425.9359970092773	73.2384	1	0.645573	-0.031067	0.646305	-2.754
428.0559997558594	74.7452	1	0.645573	-0.0317385	0.646366	-2.814
430.1750030517578	76.252	1	0.645512	-0.032593	0.646366	-2.886
432.3040008544922	77.7569	1	0.645512	-0.0333865	0.646366	-2.958
434.4449996948242	79.26179999999999	1	0.645451	-0.0341189	0.646366	-3.024
436.5800018310547	80.7667	1	0.645451	-0.0348513	0.646366	-3.09
438.7119979858398	82.27160000000001	1	0.64539	-0.0355837	0.646366	-3.15
440.8300018310547	83.77840000000001	1	0.64539	-0.0363162	0.646427	-3.222
442.9609985351563	85.2795	1	0.645329	-0.0370486	0.646427	-3.282
445.0810012817383	86.7863	1	0.645329	-0.037842	0.646427	-3.354
447.2109985351563	88.2931	1	0.645267	-0.0385745	0.646427	-3.42
449.3420028686523	89.7961	1	0.645206	-0.0393679	0.646427	-3.486
451.4619979858398	91.301	1	0.645206	-0.0400393	0.646427	-3.552
453.6019973754883	92.80589999999999	1	0.645206	-0.0408328	0.646488	-3.618
455.7239990234375	94.3108	1	0.645084	-0.0415041	0.646427	-3.678
457.8550033569336	95.81570000000001	1	0.645084	-0.0422366	0.646488	-3.744
459.9830017089844	97.3206	1	0.645023	-0.042969	0.646427	-3.81
462.1220016479492	98.8283	1	0.644901	-0.0437624	0.646366	-3.882
464.2509994506836	100.33	1	0.644901	-0.0444338	0.646427	-3.942
466.379997253418	101.838	1	0.644474	-0.0494998	0.646366	-4.386
468.504997253418	103.34	1	0.644474	-0.0501711	0.646366	-4.446
470.6350021362305	104.848	1	0.644352	-0.0508425	0.646366	-4.512
472.7740020751953	106.35	1	0.64423	-0.051636	0.646305	-4.578
474.8949966430664	107.855	1	0.64423	-0.0523074	0.646366	-4.638
477.0149993896484	109.363	1	0.644108	-0.0530398	0.646244	-4.704
479.1439971923828	110.868	1	0.644169	-0.0537722	0.646427	-4.77
481.2730026245117	112.369	1	0.643986	-0.0545046	0.646305	-4.836
483.3919982910156	113.874	1	0.643986	-0.055176	0.646366	-4.896
485.5120010375977	115.379	1	0.643803	-0.0558474	0.646244	-4.956
487.6319961547852	116.887	1	0.643742	-0.0565798	0.646244	-5.022
489.7620010375977	118.392	1	0.643559	-0.0572512	0.646061	-5.082
491.9010009765625	119.894	1	0.643497	-0.0573123	0.646	-5.088
494.0309982299805	121.402	1	0.643436	-0.0587771	0.646122	-5.214
496.1600036621094	122.907	1	0.6433140000000001	-0.0593264	0.646061	-5.268
498.2799987792969	124.414	1	0.643192	-0.0600588	0.646	-5.334
500.4089965820313	125.916	1	0.643131	-0.0607302	0.646	-5.394
502.5390014648438	127.421	1	0.64307	-0.0614016	0.646	-5.454
504.6689987182617	128.929	1	0.642948	-0.062073	0.645939	-5.508
506.7990036010742	130.434	1	0.642887	-0.0628667	0.645939	-5.586
508.9280014038086	131.936	1	0.6427040000000001	-0.0635381	0.645878	-5.64
511.0589981079102	133.441	1	0.642643	-0.0642095	0.645878	-5.706
513.1890029907227	134.946	1	0.642582	-0.0649419	0.645878	-5.766
515.3290023803711	136.454	1	0.642582	-0.06567430000000001	0.645939	-5.832
517.4589996337891	137.958	1	0.6423990000000001	-0.06634569999999999	0.645817	-5.892
519.5900039672852	139.462	1	0.642216	-0.0670171	0.645695	-5.952
521.7200012207031	140.964	1	0.642033	-0.0676885	0.645573	-6.018
523.8690032958984	142.471	1	0.641911	-0.06842090000000001	0.645573	-6.078
525.9990005493164	143.978	1	0.641788	-0.0690312	0.645512	-6.138
528.1470031738281	145.485	1	0.6417270000000001	-0.0698247	0.645512	-6.204
530.2770004272461	146.988	1	0.641605	-0.070435	0.645451	-6.264
532.4079971313477	148.491	1	0.641483	-0.0711064	0.64539	-6.324
534.5370025634766	149.998	1	0.641361	-0.0717778	0.64539	-6.384
